[   0,    0]
[   1,    3]
[   2,    6]
[   4,    5]
[   7,   10]
[   8,   14]
[   9,   17]
[  13,   18]
[  11,   25]
[  16,   23]
[  12,   28]
[  20,   29]
[  15,   35]
[  19,   31]
[  22,   32]
[  26,   37]
[  27,   40]
[  21,   48]
[  24,   55]
[  33,   50]
[  34,   49]
[  36,   54]
[  38,   59]
[  30,   68]
[  41,   60]
[  43,   65]
[  47,   70]
[  39,   87]
[  51,   75]
[  52,   78]
[  42,   94]
[  57,   82]
[  56,   84]
[  44,   99]
[  45,  102]
[  46,  105]
[  61,   91]
[  62,   95]
[  64,   93]
[  66,   98]
[  53,  120]
[  71,  106]
[  73,  109]
[  74,  108]
[  72,  111]
[  58,  131]
[  81,  121]
[  63,  142]
[  86,  123]
[  88,  129]
[  67,  151]
[  89,  132]
[  69,  156]
[  90,  135]
[  92,  134]
[  96,  140]
[  97,  143]
[  76,  171]
[ 101,  148]
[  77,  174]
[  79,  179]
[  80,  182]
[ 107,  157]
[ 110,  159]
[  83,  189]
[ 112,  165]
[ 113,  164]
[  85,  194]
[ 114,  168]
[ 116,  176]
[ 119,  175]
[ 122,  186]
[ 126,  184]
[ 127,  188]
[ 128,  191]
[ 100,  225]
[ 133,  195]
[ 103,  232]
[ 136,  202]
[ 104,  235]
[ 137,  205]
[ 139,  204]
[ 144,  215]
[ 145,  214]
[ 147,  217]
[ 150,  222]
[ 115,  258]
[ 117,  263]
[ 118,  266]
[ 158,  233]
[ 160,  236]
[ 163,  237]
[ 162,  239]
[ 161,  241]
[ 124,  279]
[ 125,  282]
[ 166,  244]
[ 167,  252]
[ 130,  293]
[ 172,  253]
[ 173,  256]
[ 177,  259]
[ 138,  310]
[ 180,  268]
[ 183,  269]
[ 141,  317]
[ 185,  274]
[ 187,  280]
[ 146,  328]
[ 192,  283]
[ 149,  335]
[ 196,  290]
[ 197,  289]
[ 198,  288]
[ 152,  342]
[ 199,  295]
[ 153,  345]
[ 154,  348]
[ 201,  302]
[ 155,  351]
[ 203,  308]
[ 208,  306]
[ 210,  309]
[ 212,  315]
[ 218,  322]
[ 169,  380]
[ 221,  329]
[ 170,  383]
[ 224,  331]
[ 226,  336]
[ 227,  339]
[ 230,  341]
[ 231,  344]
[ 178,  400]
[ 181,  407]
[ 238,  352]
[ 240,  355]
[ 242,  358]
[ 243,  363]
[ 246,  365]
[ 190,  426]
[ 249,  367]
[ 247,  374]
[ 250,  371]
[ 193,  433]
[ 255,  372]
[ 254,  376]
[ 257,  381]
[ 260,  386]
[ 262,  385]
[ 200,  448]
[ 264,  392]
[ 267,  397]
[ 206,  461]
[ 207,  464]
[ 272,  404]
[ 209,  469]
[ 211,  474]
[ 277,  410]
[ 278,  413]
[ 213,  479]
[ 281,  415]
[ 216,  486]
[ 284,  420]
[ 286,  423]
[ 219,  493]
[ 220,  496]
[ 291,  429]
[ 292,  432]
[ 223,  503]
[ 296,  435]
[ 297,  438]
[ 228,  514]
[ 299,  443]
[ 300,  442]
[ 298,  445]
[ 229,  517]
[ 307,  452]
[ 234,  528]
[ 313,  463]
[ 316,  465]
[ 318,  471]
[ 319,  470]
[ 321,  473]
[ 245,  551]
[ 248,  558]
[ 324,  482]
[ 326,  480]
[ 327,  483]
[ 251,  565]
[ 332,  491]
[ 334,  494]
[ 338,  499]
[ 340,  502]
[ 261,  586]
[ 343,  507]
[ 346,  511]
[ 265,  595]
[ 349,  515]
[ 350,  518]
[ 353,  520]
[ 270,  606]
[ 354,  523]
[ 271,  609]
[ 273,  614]
[ 359,  530]
[ 275,  619]
[ 362,  532]
[ 276,  622]
[ 364,  537]
[ 368,  543]
[ 369,  548]
[ 375,  549]
[ 285,  641]
[ 377,  554]
[ 287,  646]
[ 378,  559]
[ 379,  564]
[ 382,  562]
[ 388,  566]
[ 294,  661]
[ 384,  572]
[ 387,  571]
[ 389,  580]
[ 395,  578]
[ 301,  676]
[ 396,  583]
[ 394,  589]
[ 303,  681]
[ 304,  684]
[ 399,  592]
[ 305,  687]
[ 402,  591]
[ 403,  601]
[ 311,  700]
[ 408,  605]
[ 312,  703]
[ 314,  708]
[ 416,  615]
[ 417,  618]
[ 320,  721]
[ 419,  624]
[ 421,  623]
[ 323,  728]
[ 424,  628]
[ 427,  627]
[ 325,  733]
[ 428,  631]
[ 430,  636]
[ 431,  639]
[ 330,  744]
[ 436,  643]
[ 333,  751]
[ 440,  650]
[ 337,  760]
[ 441,  656]
[ 446,  655]
[ 444,  660]
[ 450,  662]
[ 449,  666]
[ 451,  669]
[ 453,  667]
[ 347,  781]
[ 454,  674]
[ 459,  678]
[ 462,  683]
[ 356,  800]
[ 467,  690]
[ 357,  803]
[ 472,  696]
[ 360,  810]
[ 361,  813]
[ 476,  701]
[ 475,  704]
[ 477,  707]
[ 478,  711]
[ 366,  824]
[ 484,  712]
[ 487,  714]
[ 485,  717]
[ 370,  833]
[ 489,  720]
[ 373,  840]
[ 490,  725]
[ 497,  731]
[ 495,  738]
[ 498,  735]
[ 500,  741]
[ 501,  740]
[ 506,  748]
[ 508,  746]
[ 390,  875]
[ 510,  755]
[ 391,  878]
[ 393,  883]
[ 516,  765]
[ 519,  763]
[ 521,  768]
[ 398,  894]
[ 522,  772]
[ 524,  770]
[ 401,  901]
[ 527,  778]
[ 405,  910]
[ 531,  785]
[ 406,  913]
[ 534,  786]
[ 536,  792]
[ 409,  920]
[ 538,  791]
[ 411,  925]
[ 539,  797]
[ 412,  928]
[ 414,  933]
[ 547,  806]
[ 418,  942]
[ 550,  811]
[ 552,  814]
[ 422,  951]
[ 555,  819]
[ 557,  822]
[ 425,  958]
[ 561,  829]
[ 567,  834]
[ 568,  837]
[ 569,  841]
[ 434,  977]
[ 573,  844]
[ 437,  984]
[ 574,  847]
[ 575,  852]
[ 439,  989]
[ 577,  858]
[ 581,  856]
[ 582,  860]
[ 584,  863]
[ 447, 1006]
[ 590,  873]
[ 593,  877]
[ 455, 1023]
[ 599,  881]
[ 597,  884]
[ 456, 1026]
[ 600,  885]
[ 457, 1029]
[ 458, 1032]
[ 602,  891]
[ 460, 1037]
[ 608,  898]
[ 607,  900]
[ 611,  903]
[ 466, 1050]
[ 468, 1055]
[ 616,  907]
[ 617,  914]
[ 620,  916]
[ 621,  919]
[ 626,  921]
[ 625,  924]
[ 629,  929]
[ 630,  932]
[ 481, 1082]
[ 633,  934]
[ 632,  937]
[ 637,  941]
[ 638,  946]
[ 488, 1097]
[ 642,  949]
[ 645,  948]
[ 492, 1106]
[ 648,  960]
[ 651,  962]
[ 652,  961]
[ 653,  968]
[ 658,  971]
[ 504, 1131]
[ 505, 1134]
[ 663,  979]
[ 664,  982]
[ 509, 1143]
[ 668,  985]
[ 670,  991]
[ 671,  990]
[ 512, 1150]
[ 513, 1153]
[ 673,  993]
[ 672,  996]
[ 677, 1000]
[ 680, 1002]
[ 679, 1014]
[ 685, 1011]
[ 686, 1015]
[ 525, 1178]
[ 689, 1016]
[ 526, 1181]
[ 692, 1020]
[ 691, 1022]
[ 529, 1188]
[ 698, 1031]
[ 533, 1197]
[ 702, 1034]
[ 535, 1202]
[ 706, 1040]
[ 705, 1042]
[ 540, 1213]
[ 541, 1216]
[ 709, 1049]
[ 542, 1219]
[ 710, 1053]
[ 544, 1224]
[ 715, 1054]
[ 545, 1227]
[ 546, 1230]
[ 716, 1061]
[ 724, 1066]
[ 722, 1069]
[ 553, 1245]
[ 726, 1075]
[ 556, 1252]
[ 729, 1079]
[ 732, 1084]
[ 560, 1261]
[ 737, 1085]
[ 736, 1087]
[ 563, 1268]
[ 739, 1092]
[ 742, 1096]
[ 745, 1100]
[ 743, 1103]
[ 570, 1283]
[ 750, 1107]
[ 749, 1111]
[ 752, 1110]
[ 753, 1114]
[ 576, 1296]
[ 758, 1121]
[ 579, 1303]
[ 761, 1125]
[ 762, 1128]
[ 767, 1132]
[ 585, 1316]
[ 769, 1138]
[ 587, 1321]
[ 588, 1324]
[ 773, 1141]
[ 771, 1144]
[ 776, 1146]
[ 775, 1151]
[ 594, 1337]
[ 782, 1154]
[ 596, 1342]
[ 598, 1347]
[ 784, 1161]
[ 787, 1158]
[ 789, 1163]
[ 790, 1169]
[ 603, 1358]
[ 604, 1361]
[ 793, 1174]
[ 610, 1374]
[ 801, 1185]
[ 612, 1379]
[ 804, 1187]
[ 613, 1382]
[ 805, 1190]
[ 807, 1195]
[ 808, 1194]
[ 812, 1199]
[ 815, 1207]
[ 818, 1208]
[ 817, 1210]
[ 825, 1220]
[ 826, 1223]
[ 830, 1228]
[ 634, 1425]
[ 831, 1231]
[ 635, 1428]
[ 836, 1232]
[ 835, 1234]
[ 640, 1439]
[ 838, 1241]
[ 839, 1251]
[ 644, 1448]
[ 845, 1247]
[ 846, 1250]
[ 647, 1455]
[ 848, 1255]
[ 649, 1460]
[ 853, 1259]
[ 849, 1265]
[ 854, 1263]
[ 855, 1266]
[ 654, 1471]
[ 859, 1269]
[ 657, 1478]
[ 861, 1274]
[ 659, 1483]
[ 865, 1280]
[ 870, 1287]
[ 665, 1496]
[ 874, 1293]
[ 879, 1299]
[ 880, 1302]
[ 675, 1517]
[ 882, 1310]
[ 886, 1307]
[ 887, 1311]
[ 888, 1314]
[ 889, 1318]
[ 892, 1317]
[ 682, 1532]
[ 895, 1322]
[ 893, 1325]
[ 899, 1329]
[ 688, 1545]
[ 902, 1333]
[ 905, 1338]
[ 904, 1344]
[ 693, 1556]
[ 908, 1343]
[ 694, 1559]
[ 695, 1562]
[ 912, 1349]
[ 697, 1567]
[ 915, 1351]
[ 699, 1572]
[ 917, 1356]
[ 918, 1359]
[ 922, 1364]
[ 923, 1370]
[ 926, 1371]
[ 935, 1373]
[ 713, 1601]
[ 938, 1381]
[ 936, 1384]
[ 939, 1388]
[ 718, 1612]
[ 940, 1393]
[ 719, 1615]
[ 943, 1400]
[ 945, 1399]
[ 947, 1398]
[ 723, 1624]
[ 950, 1406]
[ 727, 1633]
[ 954, 1409]
[ 730, 1640]
[ 959, 1418]
[ 734, 1649]
[ 963, 1423]
[ 964, 1426]
[ 970, 1431]
[ 969, 1434]
[ 974, 1442]
[ 747, 1676]
[ 980, 1444]
[ 978, 1449]
[ 981, 1447]
[ 983, 1452]
[ 987, 1457]
[ 754, 1691]
[ 986, 1459]
[ 756, 1696]
[ 988, 1465]
[ 757, 1699]
[ 992, 1466]
[ 995, 1467]
[ 759, 1704]
[ 994, 1469]
[ 998, 1474]
[ 764, 1715]
[1003, 1481]
[ 766, 1720]
[1004, 1484]
[1007, 1486]
[1008, 1490]
[1012, 1493]
[1013, 1497]
[ 774, 1737]
[1017, 1500]
[ 777, 1744]
[1018, 1506]
[1019, 1505]
[ 779, 1749]
[ 780, 1752]
[1024, 1513]
[ 783, 1759]
[1030, 1521]
[ 788, 1770]
[1033, 1525]
[1035, 1530]
[1038, 1531]
[1036, 1534]
[ 794, 1783]
[1041, 1538]
[ 795, 1786]
[1045, 1539]
[ 796, 1789]
[ 798, 1794]
[1047, 1548]
[ 799, 1797]
[1052, 1551]
[ 802, 1804]
[1056, 1560]
[1059, 1561]
[1058, 1566]
[1062, 1565]
[ 809, 1819]
[1064, 1570]
[1065, 1575]
[1067, 1580]
[ 816, 1834]
[1072, 1581]
[1073, 1585]
[ 820, 1843]
[ 821, 1846]
[1077, 1592]
[ 823, 1851]
[1081, 1598]
[ 827, 1860]
[1086, 1604]
[ 828, 1863]
[1088, 1610]
[1089, 1609]
[ 832, 1872]
[1091, 1617]
[1093, 1616]
[1098, 1619]
[1099, 1627]
[1102, 1629]
[ 842, 1893]
[ 843, 1896]
[1104, 1635]
[1108, 1638]
[1112, 1644]
[ 850, 1911]
[1113, 1650]
[ 851, 1914]
[1120, 1645]
[1116, 1651]
[1118, 1654]
[1123, 1657]
[1122, 1661]
[ 857, 1927]
[1126, 1664]
[1127, 1668]
[ 862, 1938]
[1130, 1670]
[1129, 1673]
[ 864, 1943]
[1135, 1677]
[ 866, 1948]
[ 867, 1951]
[ 868, 1954]
[1139, 1684]
[ 869, 1957]
[ 871, 1962]
[ 872, 1965]
[1147, 1693]
[1148, 1697]
[1149, 1700]
[ 876, 1974]
[1155, 1707]
[1157, 1705]
[1156, 1710]
[1159, 1712]
[1160, 1716]
[1162, 1719]
[1165, 1723]
[1167, 1722]
[1164, 1728]
[ 890, 2003]
[1170, 1730]
[1171, 1734]
[1172, 1733]
[ 896, 2016]
[ 897, 2019]
[1177, 1739]
[1182, 1747]
[1183, 1750]
[ 906, 2038]
[1189, 1755]
[1191, 1762]
[ 909, 2045]
[1192, 1765]
[ 911, 2050]
[1193, 1768]
[1198, 1767]
[1203, 1779]
[1204, 1782]
[1209, 1788]
[1211, 1791]
[ 927, 2083]
[1214, 1796]
[1217, 1798]
[1218, 1801]
[ 930, 2090]
[ 931, 2093]
[1222, 1807]
[1221, 1814]
[1229, 1815]
[1233, 1821]
[1235, 1824]
[ 944, 2120]
[1236, 1828]
[1237, 1827]
[1239, 1830]
[1238, 1835]
[1240, 1838]
[1243, 1837]
[ 952, 2137]
[1248, 1844]
[ 953, 2140]
[1244, 1850]
[ 955, 2145]
[1253, 1848]
[ 956, 2148]
[1254, 1853]
[ 957, 2151]
[1257, 1857]
[1256, 1859]
[1258, 1865]
[1260, 1864]
[ 965, 2168]
[1264, 1869]
[ 966, 2171]
[ 967, 2174]
[1271, 1873]
[1272, 1883]
[ 972, 2185]
[1275, 1885]
[1276, 1884]
[ 973, 2188]
[ 975, 2193]
[1278, 1890]
[ 976, 2196]
[1282, 1897]
[1281, 1899]
[1286, 1902]
[1288, 1901]
[1289, 1906]
[1295, 1916]
[1298, 1917]
[1300, 1920]
[1301, 1924]
[1304, 1926]
[ 997, 2239]
[1305, 1933]
[1308, 1932]
[ 999, 2244]
[1001, 2249]
[1315, 1940]
[1005, 2258]
[1319, 1945]
[1320, 1952]
[1009, 2267]
[1010, 2270]
[1328, 1958]
[1326, 1961]
[1327, 1960]
[1331, 1967]
[1330, 1971]
[1335, 1966]
[1336, 1973]
[1332, 1979]
[1021, 2293]
[1339, 1978]
[1341, 1985]
[1025, 2302]
[1027, 2307]
[1346, 1989]
[1340, 1997]
[1028, 2310]
[1350, 1992]
[1352, 1998]
[1357, 2002]
[1355, 2005]
[1360, 2009]
[1039, 2333]
[1363, 2011]
[1365, 2017]
[1043, 2342]
[1044, 2345]
[1368, 2022]
[1367, 2025]
[1046, 2350]
[1369, 2031]
[1375, 2026]
[1048, 2355]
[1376, 2032]
[1051, 2362]
[1377, 2037]
[1380, 2041]
[1057, 2375]
[1387, 2052]
[1060, 2382]
[1391, 2057]
[1063, 2389]
[1395, 2058]
[1394, 2062]
[1068, 2400]
[1401, 2072]
[1402, 2071]
[1070, 2405]
[1404, 2074]
[1071, 2408]
[1407, 2079]
[1074, 2415]
[1410, 2084]
[1076, 2420]
[1078, 2425]
[1415, 2091]
[1080, 2430]
[1413, 2098]
[1417, 2096]
[1083, 2437]
[1422, 2103]
[1424, 2102]
[1090, 2452]
[1430, 2113]
[1429, 2115]
[1094, 2461]
[1435, 2122]
[1095, 2464]
[1438, 2126]
[1440, 2129]
[1443, 2133]
[1101, 2477]
[1445, 2136]
[1105, 2486]
[1450, 2143]
[1453, 2147]
[1451, 2150]
[1109, 2495]
[1458, 2153]
[1461, 2158]
[1115, 2508]
[1462, 2162]
[1463, 2161]
[1117, 2513]
[1464, 2170]
[1119, 2518]
[1470, 2172]
[1472, 2175]
[1124, 2529]
[1473, 2180]
[1477, 2181]
[1485, 2194]
[1133, 2548]
[1487, 2197]
[1489, 2200]
[1488, 2202]
[1136, 2555]
[1491, 2203]
[1137, 2558]
[1492, 2209]
[1498, 2206]
[1140, 2565]
[1142, 2570]
[1499, 2217]
[1501, 2216]
[1145, 2577]
[1504, 2220]
[1503, 2224]
[1508, 2227]
[1509, 2231]
[1152, 2592]
[1514, 2237]
[1518, 2243]
[1519, 2246]
[1522, 2248]
[1523, 2251]
[1524, 2254]
[1527, 2256]
[1166, 2621]
[1529, 2261]
[1168, 2626]
[1536, 2269]
[1173, 2637]
[1175, 2642]
[1541, 2276]
[1540, 2279]
[1176, 2645]
[1544, 2284]
[1546, 2283]
[1179, 2652]
[1180, 2655]
[1549, 2287]
[1550, 2292]
[1184, 2664]
[1552, 2297]
[1554, 2295]
[1186, 2669]
[1557, 2304]
[1564, 2308]
[1563, 2311]
[1196, 2690]
[1568, 2318]
[1569, 2321]
[1200, 2699]
[1574, 2325]
[1571, 2330]
[1201, 2702]
[1578, 2332]
[1576, 2336]
[1205, 2711]
[1579, 2337]
[1206, 2714]
[1582, 2338]
[1586, 2339]
[1212, 2727]
[1590, 2352]
[1215, 2734]
[1593, 2356]
[1596, 2357]
[1597, 2363]
[1602, 2367]
[1225, 2755]
[1606, 2374]
[1226, 2758]
[1607, 2378]
[1611, 2381]
[1613, 2386]
[1618, 2390]
[1620, 2396]
[1621, 2399]
[1623, 2397]
[1625, 2402]
[1626, 2401]
[1242, 2791]
[1628, 2411]
[1632, 2412]
[1246, 2800]
[1636, 2417]
[1637, 2416]
[1631, 2423]
[1249, 2807]
[1639, 2424]
[1641, 2429]
[1642, 2428]
[1643, 2427]
[1648, 2435]
[1652, 2434]
[1262, 2834]
[1653, 2443]
[1656, 2445]
[1267, 2845]
[1659, 2453]
[1660, 2458]
[1270, 2852]
[1663, 2460]
[1273, 2859]
[1669, 2465]
[1672, 2467]
[1671, 2473]
[1277, 2868]
[1279, 2873]
[1675, 2478]
[1680, 2480]
[1683, 2484]
[1284, 2884]
[1681, 2487]
[1285, 2887]
[1685, 2492]
[1290, 2898]
[1291, 2901]
[1694, 2499]
[1292, 2904]
[1695, 2504]
[1294, 2909]
[1698, 2511]
[1297, 2916]
[1702, 2514]
[1703, 2522]
[1706, 2520]
[1709, 2519]
[1708, 2523]
[1711, 2527]
[1306, 2935]
[1714, 2532]
[1713, 2535]
[1309, 2942]
[1718, 2538]
[1312, 2949]
[1717, 2546]
[1313, 2952]
[1724, 2547]
[1726, 2552]
[1729, 2556]
[1732, 2557]
[1731, 2559]
[1323, 2973]
[1736, 2566]
[1738, 2571]
[1741, 2573]
[1742, 2576]
[1745, 2580]
[1334, 2996]
[1748, 2584]
[1751, 2588]
[1753, 2591]
[1756, 2595]
[1757, 2598]
[1761, 2601]
[1345, 3019]
[1763, 2607]
[1348, 3026]
[1764, 2610]
[1766, 2609]
[1769, 2614]
[1353, 3037]
[1771, 2620]
[1354, 3040]
[1775, 2623]
[1778, 2625]
[1780, 2631]
[1781, 2634]
[1362, 3057]
[1784, 2636]
[1785, 2640]
[1366, 3066]
[1790, 2644]
[1792, 2650]
[1795, 2651]
[1372, 3079]
[1799, 2660]
[1802, 2661]
[1378, 3092]
[1806, 2666]
[1803, 2671]
[1809, 2673]
[1810, 2672]
[1383, 3103]
[1385, 3108]
[1386, 3111]
[1816, 2682]
[1389, 3118]
[1390, 3121]
[1822, 2691]
[1392, 3126]
[1825, 2696]
[1826, 2700]
[1829, 2701]
[1396, 3135]
[1397, 3138]
[1831, 2706]
[1836, 2713]
[1403, 3151]
[1839, 2717]
[1842, 2718]
[1405, 3156]
[1841, 2720]
[1840, 2722]
[1408, 3163]
[1845, 2726]
[1849, 2729]
[1411, 3170]
[1412, 3173]
[1852, 2737]
[1414, 3178]
[1855, 2739]
[1856, 2742]
[1416, 3183]
[1858, 2741]
[1419, 3190]
[1861, 2748]
[1420, 3193]
[1862, 2751]
[1421, 3196]
[1867, 2757]
[1868, 2760]
[1871, 2762]
[1427, 3209]
[1875, 2772]
[1878, 2771]
[1432, 3220]
[1433, 3223]
[1881, 2776]
[1882, 2781]
[1436, 3230]
[1437, 3233]
[1886, 2784]
[1887, 2787]
[1441, 3242]
[1891, 2793]
[1894, 2797]
[1446, 3253]
[1898, 2802]
[1900, 2805]
[1903, 2810]
[1904, 2815]
[1905, 2818]
[1907, 2816]
[1454, 3270]
[1456, 3275]
[1912, 2820]
[1913, 2825]
[1915, 2831]
[1919, 2836]
[1921, 2839]
[1923, 2837]
[1468, 3300]
[1925, 2844]
[1928, 2848]
[1934, 2855]
[1475, 3315]
[1935, 2858]
[1476, 3318]
[1936, 2861]
[1479, 3325]
[1941, 2863]
[1480, 3328]
[1942, 2866]
[1482, 3333]
[1944, 2871]
[1949, 2875]
[1946, 2882]
[1950, 2880]
[1953, 2881]
[1955, 2886]
[1956, 2891]
[1959, 2892]
[1494, 3358]
[1495, 3361]
[1963, 2895]
[1968, 2902]
[1969, 2908]
[1502, 3376]
[1970, 2913]
[1976, 2917]
[1507, 3387]
[1977, 2921]
[1981, 2919]
[1510, 3394]
[1511, 3397]
[1980, 2928]
[1512, 3400]
[1983, 2929]
[1515, 3407]
[1986, 2936]
[1516, 3410]
[1990, 2939]
[1993, 2940]
[1520, 3419]
[1994, 2946]
[1995, 2950]
[2000, 2953]
[1526, 3432]
[2001, 2957]
[1528, 3437]
[2006, 2963]
[2008, 2966]
[1533, 3448]
[2012, 2971]
[2013, 2974]
[1535, 3453]
[1537, 3458]
[2018, 2978]
[2020, 2984]
[2023, 2985]
[1542, 3469]
[1543, 3472]
[2027, 2992]
[2029, 2995]
[2028, 2999]
[1547, 3481]
[2035, 3003]
[2034, 3008]
[2033, 3012]
[1553, 3494]
[2040, 3009]
[1555, 3499]
[2043, 3016]
[1558, 3506]
[2044, 3022]
[2049, 3024]
[2048, 3028]
[2054, 3035]
[2056, 3033]
[2059, 3043]
[2063, 3046]
[1573, 3537]
[2064, 3050]
[2065, 3053]
[2067, 3052]
[1577, 3546]
[2068, 3055]
[2075, 3065]
[1583, 3559]
[2076, 3068]
[1584, 3562]
[2080, 3074]
[1587, 3569]
[1588, 3572]
[1589, 3575]
[2085, 3080]
[1591, 3580]
[2087, 3086]
[2088, 3085]
[1594, 3587]
[1595, 3590]
[2094, 3095]
[1599, 3599]
[2099, 3099]
[2097, 3102]
[1600, 3602]
[2100, 3104]
[2101, 3107]
[1603, 3609]
[2106, 3109]
[2105, 3112]
[1605, 3614]
[2108, 3116]
[1608, 3621]
[2114, 3123]
[2116, 3128]
[1614, 3634]
[2119, 3130]
[2123, 3136]
[2124, 3139]
[2127, 3143]
[2128, 3142]
[1622, 3651]
[2131, 3150]
[2138, 3155]
[2134, 3161]
[1630, 3668]
[2139, 3159]
[2141, 3165]
[2142, 3168]
[1634, 3677]
[2149, 3171]
[2155, 3176]
[2152, 3181]
[2154, 3184]
[2156, 3187]
[1646, 3702]
[1647, 3705]
[2160, 3192]
[2159, 3200]
[2164, 3198]
[2165, 3204]
[1655, 3722]
[2173, 3210]
[1658, 3729]
[2176, 3212]
[2177, 3219]
[1662, 3738]
[2178, 3224]
[2183, 3221]
[2182, 3227]
[1665, 3745]
[1666, 3748]
[1667, 3751]
[2187, 3231]
[2191, 3234]
[2192, 3240]
[2195, 3244]
[1674, 3766]
[2198, 3245]
[2199, 3249]
[1678, 3775]
[2201, 3255]
[1679, 3778]
[2204, 3256]
[2205, 3260]
[1682, 3785]
[2210, 3266]
[1686, 3794]
[2211, 3269]
[1687, 3797]
[2214, 3271]
[1688, 3800]
[1689, 3803]
[2218, 3277]
[1690, 3806]
[2219, 3283]
[1692, 3811]
[2222, 3282]
[2226, 3288]
[2225, 3290]
[2232, 3298]
[1701, 3830]
[2233, 3301]
[2236, 3305]
[2241, 3308]
[2240, 3312]
[2247, 3321]
[2250, 3323]
[2255, 3326]
[2253, 3330]
[2252, 3332]
[1721, 3871]
[2257, 3335]
[2259, 3340]
[2264, 3339]
[1725, 3880]
[2260, 3345]
[1727, 3885]
[2265, 3348]
[2268, 3355]
[1735, 3902]
[2274, 3363]
[2277, 3367]
[2278, 3370]
[1740, 3913]
[1743, 3920]
[2285, 3379]
[2286, 3382]
[1746, 3927]
[2289, 3384]
[2294, 3391]
[2296, 3396]
[2299, 3398]
[1754, 3944]
[2300, 3401]
[2298, 3404]
[2303, 3405]
[1758, 3953]
[2306, 3409]
[1760, 3958]
[2309, 3413]
[2312, 3417]
[2313, 3420]
[2314, 3424]
[2317, 3425]
[2316, 3430]
[2319, 3428]
[1772, 3983]
[1773, 3986]
[2324, 3435]
[2323, 3438]
[1774, 3989]
[1776, 3994]
[1777, 3997]
[2331, 3443]
[2334, 3450]
[2335, 3456]
[2340, 3459]
[2343, 3461]
[1787, 4018]
[2347, 3464]
[2344, 3468]
[2348, 3474]
[1793, 4031]
[2351, 3476]
[2353, 3482]
[2358, 3485]
[2360, 3483]
[1800, 4046]
[2359, 3490]
[2361, 3489]
[1805, 4057]
[2366, 3496]
[2365, 3498]
[2364, 3501]
[1808, 4064]
[2373, 3507]
[1811, 4071]
[1812, 4074]
[2376, 3511]
[1813, 4077]
[2379, 3520]
[1817, 4086]
[2383, 3523]
[2384, 3522]
[1818, 4089]
[1820, 4094]
[2385, 3530]
[1823, 4101]
[2391, 3534]
[2394, 3536]
[2393, 3539]
[2403, 3547]
[1832, 4120]
[2404, 3551]
[1833, 4123]
[2406, 3554]
[2407, 3561]
[2410, 3565]
[2413, 3563]
[2409, 3568]
[2414, 3566]
[2418, 3567]
[2422, 3573]
[2419, 3577]
[1847, 4152]
[2431, 3584]
[1854, 4167]
[2432, 3589]
[2433, 3598]
[2436, 3605]
[2440, 3601]
[2438, 3610]
[2441, 3608]
[2444, 3607]
[1866, 4192]
[2446, 3612]
[2442, 3620]
[2449, 3613]
[2447, 3617]
[1870, 4201]
[2454, 3622]
[2451, 3626]
[1874, 4210]
[1876, 4215]
[1877, 4218]
[2462, 3633]
[2463, 3636]
[1879, 4223]
[1880, 4226]
[2466, 3640]
[2468, 3647]
[2471, 3648]
[2470, 3652]
[1888, 4243]
[1889, 4246]
[2476, 3659]
[2475, 3663]
[2479, 3660]
[1892, 4253]
[2481, 3665]
[1895, 4260]
[2485, 3671]
[2490, 3670]
[2493, 3682]
[2494, 3685]
[2496, 3691]
[1908, 4287]
[2501, 3694]
[1909, 4290]
[2502, 3698]
[1910, 4293]
[2506, 3707]
[2512, 3709]
[1918, 4310]
[2515, 3713]
[2516, 3716]
[1922, 4319]
[2521, 3720]
[2524, 3730]
[2525, 3736]
[1929, 4334]
[2530, 3734]
[2531, 3733]
[2528, 3737]
[1930, 4337]
[1931, 4340]
[2533, 3741]
[2537, 3747]
[1937, 4353]
[2534, 3757]
[2540, 3752]
[1939, 4358]
[2544, 3758]
[2542, 3763]
[2549, 3765]
[2550, 3769]
[2551, 3768]
[1947, 4375]
[2554, 3776]
[2561, 3786]
[2562, 3789]
[2564, 3788]
[2567, 3793]
[2568, 3798]
[1964, 4410]
[2574, 3802]
[2572, 3805]
[2578, 3809]
[2579, 3808]
[2581, 3817]
[2583, 3815]
[1972, 4427]
[2582, 3822]
[2586, 3820]
[1975, 4434]
[2589, 3824]
[2593, 3831]
[2596, 3833]
[1982, 4449]
[2597, 3836]
[1984, 4454]
[2599, 3842]
[2602, 3843]
[1987, 4461]
[1988, 4464]
[2603, 3849]
[1991, 4471]
[2611, 3855]
[2612, 3861]
[2613, 3864]
[2615, 3862]
[1996, 4482]
[1999, 4489]
[2619, 3869]
[2622, 3874]
[2004, 4500]
[2627, 3882]
[2007, 4507]
[2630, 3884]
[2632, 3889]
[2010, 4514]
[2633, 3895]
[2638, 3894]
[2014, 4523]
[2639, 3900]
[2015, 4526]
[2641, 3905]
[2647, 3906]
[2646, 3909]
[2021, 4539]
[2648, 3915]
[2649, 3914]
[2024, 4546]
[2653, 3919]
[2654, 3922]
[2656, 3932]
[2030, 4559]
[2658, 3931]
[2663, 3934]
[2665, 3939]
[2667, 3937]
[2036, 4572]
[2670, 3945]
[2674, 3943]
[2039, 4579]
[2042, 4586]
[2676, 3954]
[2675, 3956]
[2678, 3957]
[2046, 4595]
[2047, 4598]
[2683, 3966]
[2686, 3970]
[2051, 4607]
[2688, 3973]
[2053, 4612]
[2055, 4617]
[2692, 3980]
[2693, 3979]
[2697, 3984]
[2698, 3987]
[2060, 4628]
[2061, 4631]
[2703, 3995]
[2705, 3998]
[2708, 3999]
[2066, 4642]
[2709, 4005]
[2712, 4002]
[2069, 4649]
[2070, 4652]
[2715, 4012]
[2716, 4011]
[2073, 4659]
[2719, 4019]
[2077, 4668]
[2724, 4022]
[2078, 4671]
[2725, 4027]
[2723, 4032]
[2081, 4678]
[2082, 4681]
[2730, 4033]
[2731, 4037]
[2735, 4040]
[2086, 4690]
[2736, 4044]
[2089, 4697]
[2092, 4704]
[2744, 4054]
[2095, 4711]
[2746, 4060]
[2749, 4061]
[2750, 4065]
[2756, 4069]
[2104, 4730]
[2759, 4076]
[2763, 4079]
[2761, 4082]
[2107, 4737]
[2109, 4742]
[2764, 4087]
[2110, 4745]
[2768, 4088]
[2111, 4748]
[2112, 4751]
[2773, 4092]
[2774, 4099]
[2117, 4762]
[2775, 4104]
[2118, 4765]
[2778, 4105]
[2782, 4106]
[2121, 4772]
[2785, 4113]
[2786, 4116]
[2125, 4781]
[2790, 4121]
[2789, 4125]
[2794, 4127]
[2130, 4792]
[2796, 4130]
[2132, 4797]
[2798, 4136]
[2135, 4804]
[2804, 4143]
[2809, 4149]
[2812, 4154]
[2144, 4823]
[2814, 4157]
[2813, 4159]
[2146, 4828]
[2817, 4162]
[2822, 4170]
[2826, 4175]
[2827, 4178]
[2157, 4851]
[2830, 4182]
[2832, 4185]
[2163, 4864]
[2838, 4193]
[2166, 4871]
[2841, 4197]
[2840, 4199]
[2167, 4874]
[2843, 4200]
[2842, 4202]
[2169, 4879]
[2850, 4208]
[2851, 4212]
[2854, 4220]
[2856, 4219]
[2179, 4900]
[2857, 4227]
[2860, 4224]
[2864, 4229]
[2184, 4911]
[2186, 4916]
[2867, 4239]
[2869, 4237]
[2189, 4923]
[2190, 4926]
[2874, 4245]
[2876, 4250]
[2877, 4254]
[2879, 4252]
[2878, 4258]
[2883, 4261]
[2890, 4265]
[2889, 4268]
[2888, 4272]
[2207, 4961]
[2893, 4275]
[2208, 4964]
[2896, 4279]
[2897, 4282]
[2212, 4973]
[2213, 4976]
[2900, 4292]
[2215, 4981]
[2906, 4294]
[2905, 4296]
[2910, 4299]
[2911, 4298]
[2912, 4302]
[2221, 4994]
[2223, 4999]
[2914, 4309]
[2920, 4317]
[2228, 5010]
[2922, 4316]
[2229, 5013]
[2923, 4321]
[2230, 5016]
[2234, 5025]
[2930, 4330]
[2235, 5028]
[2934, 4335]
[2238, 5035]
[2937, 4339]
[2938, 4342]
[2242, 5044]
[2943, 4346]
[2941, 4350]
[2245, 5051]
[2944, 4352]
[2948, 4355]
[2955, 4361]
[2954, 4364]
[2956, 4367]
[2958, 4370]
[2960, 4373]
[2959, 4376]
[2961, 4379]
[2964, 4378]
[2262, 5086]
[2967, 4383]
[2263, 5089]
[2266, 5096]
[2972, 4392]
[2975, 4397]
[2977, 4400]
[2271, 5107]
[2272, 5110]
[2980, 4404]
[2273, 5113]
[2275, 5118]
[2986, 4412]
[2987, 4416]
[2988, 4415]
[2989, 4419]
[2280, 5129]
[2281, 5132]
[2990, 4423]
[2282, 5135]
[2993, 4424]
[2997, 4431]
[2288, 5148]
[3001, 4436]
[3002, 4440]
[2290, 5153]
[2291, 5156]
[3005, 4442]
[3006, 4445]
[3010, 4446]
[3013, 4455]
[3015, 4458]
[3018, 4459]
[2301, 5177]
[3020, 4467]
[3021, 4466]
[2305, 5186]
[3025, 4469]
[3027, 4475]
[3029, 4480]
[3034, 4483]
[2315, 5207]
[3036, 4488]
[3041, 4487]
[3038, 4494]
[3042, 4492]
[2320, 5218]
[3044, 4498]
[2322, 5223]
[3047, 4506]
[3048, 4509]
[2326, 5232]
[2327, 5235]
[3051, 4513]
[3054, 4511]
[2328, 5238]
[2329, 5241]
[3056, 4519]
[3063, 4516]
[3060, 4520]
[3059, 4524]
[3070, 4536]
[2341, 5266]
[3072, 4542]
[3073, 4541]
[2346, 5277]
[3078, 4549]
[2349, 5284]
[3081, 4553]
[3082, 4556]
[2354, 5295]
[3087, 4563]
[3090, 4567]
[3091, 4570]
[3096, 4574]
[3097, 4578]
[3101, 4583]
[2368, 5324]
[3105, 4589]
[2369, 5327]
[2370, 5330]
[2371, 5333]
[3110, 4596]
[2372, 5336]
[3114, 4599]
[3113, 4601]
[3117, 4604]
[3115, 4608]
[2377, 5347]
[3119, 4611]
[2380, 5354]
[3124, 4613]
[3120, 4623]
[3127, 4618]
[3125, 4627]
[3131, 4621]
[3129, 4626]
[2387, 5369]
[2388, 5372]
[3133, 4629]
[3137, 4635]
[2392, 5381]
[3141, 4636]
[3140, 4640]
[2395, 5388]
[2398, 5395]
[3147, 4651]
[3148, 4658]
[3152, 4657]
[3154, 4663]
[3157, 4664]
[3160, 4672]
[3164, 4675]
[3169, 4682]
[3172, 4686]
[2421, 5442]
[3174, 4691]
[3175, 4695]
[3177, 4693]
[2426, 5453]
[3180, 4701]
[3182, 4700]
[3179, 4706]
[3185, 4710]
[3191, 4714]
[3186, 4721]
[3194, 4718]
[3195, 4717]
[2439, 5480]
[3197, 4725]
[3202, 4728]
[3199, 4732]
[3205, 4736]
[3203, 4739]
[2448, 5499]
[2450, 5504]
[3214, 4743]
[3216, 4750]
[3215, 4752]
[3213, 4755]
[2455, 5515]
[2456, 5518]
[3218, 4756]
[2457, 5521]
[2459, 5526]
[3225, 4764]
[3222, 4769]
[3228, 4768]
[3229, 4774]
[3232, 4773]
[3235, 4778]
[2469, 5547]
[3236, 4782]
[3237, 4785]
[2472, 5554]
[2474, 5559]
[3243, 4793]
[3246, 4790]
[3247, 4798]
[3250, 4802]
[3252, 4805]
[2482, 5576]
[3251, 4808]
[2483, 5579]
[3257, 4813]
[3258, 4819]
[3259, 4818]
[2488, 5590]
[3262, 4817]
[2489, 5593]
[2491, 5598]
[3265, 4825]
[3267, 4831]
[3272, 4834]
[2497, 5611]
[3273, 4838]
[3274, 4837]
[2498, 5614]
[2500, 5619]
[3276, 4843]
[3279, 4845]
[2503, 5626]
[2505, 5631]
[3284, 4852]
[3285, 4855]
[2507, 5636]
[3287, 4860]
[2509, 5641]
[3292, 4861]
[2510, 5644]
[3291, 4865]
[3293, 4868]
[3296, 4867]
[3297, 4873]
[3299, 4876]
[2517, 5659]
[3306, 4885]
[3307, 4888]
[3310, 4890]
[2526, 5678]
[3313, 4897]
[3316, 4899]
[3317, 4902]
[3319, 4907]
[2536, 5699]
[3324, 4914]
[2539, 5706]
[3331, 4918]
[3329, 4921]
[2541, 5711]
[2543, 5716]
[3334, 4927]
[2545, 5721]
[3336, 4933]
[3341, 4930]
[3337, 4938]
[3342, 4941]
[3344, 4940]
[2553, 5738]
[3349, 4947]
[3351, 4946]
[3350, 4954]
[3352, 4959]
[2560, 5753]
[3357, 4960]
[3356, 4962]
[2563, 5760]
[3360, 4965]
[3362, 4971]
[2569, 5773]
[3371, 4982]
[2575, 5786]
[3374, 4987]
[3381, 4995]
[3380, 4998]
[3383, 5000]
[3386, 5002]
[2585, 5807]
[3388, 5008]
[2587, 5812]
[3390, 5011]
[2590, 5819]
[3392, 5019]
[3395, 5017]
[3399, 5022]
[2594, 5828]
[3403, 5027]
[3402, 5030]
[3406, 5031]
[2600, 5841]
[3408, 5034]
[3411, 5042]
[2604, 5850]
[2605, 5853]
[3415, 5045]
[2606, 5856]
[3412, 5052]
[2608, 5861]
[3418, 5053]
[3416, 5057]
[3422, 5054]
[3426, 5060]
[3427, 5063]
[2616, 5878]
[2617, 5881]
[2618, 5884]
[3431, 5073]
[3434, 5072]
[2624, 5897]
[3439, 5084]
[3440, 5083]
[2628, 5906]
[3444, 5090]
[2629, 5909]
[3447, 5091]
[3446, 5093]
[3449, 5097]
[2635, 5922]
[3454, 5103]
[3455, 5106]
[3457, 5112]
[3462, 5114]
[3463, 5117]
[2643, 5939]
[3466, 5119]
[3465, 5122]
[3467, 5127]
[3470, 5126]
[3471, 5130]
[3478, 5136]
[3479, 5140]
[2657, 5968]
[3480, 5145]
[2659, 5973]
[3486, 5149]
[2662, 5980]
[3487, 5155]
[3488, 5154]
[3493, 5157]
[3492, 5159]
[3491, 5161]
[3495, 5164]
[2668, 5993]
[3500, 5172]
[3503, 5176]
[3504, 5175]
[2677, 6012]
[3509, 5184]
[2679, 6017]
[3508, 5189]
[2680, 6020]
[2681, 6023]
[3514, 5190]
[3515, 5195]
[3517, 5194]
[2684, 6030]
[3518, 5197]
[2685, 6033]
[2687, 6038]
[3524, 5206]
[2689, 6043]
[3526, 5209]
[3528, 5215]
[3529, 5214]
[2694, 6054]
[2695, 6057]
[3533, 5221]
[3538, 5228]
[3541, 5230]
[3542, 5234]
[2704, 6076]
[3544, 5237]
[3545, 5236]
[2707, 6083]
[3549, 5243]
[2710, 6090]
[3552, 5248]
[3555, 5252]
[3557, 5255]
[3564, 5263]
[2721, 6113]
[3570, 5272]
[3571, 5276]
[3574, 5275]
[2728, 6128]
[3576, 5280]
[3579, 5282]
[3578, 5286]
[3581, 5287]
[2732, 6137]
[2733, 6140]
[3582, 5293]
[3583, 5292]
[3588, 5298]
[3585, 5303]
[2738, 6151]
[2740, 6156]
[3592, 5304]
[3586, 5312]
[3594, 5307]
[2743, 6163]
[3595, 5311]
[3591, 5319]
[2745, 6168]
[3600, 5315]
[2747, 6173]
[3603, 5322]
[3606, 5323]
[3604, 5326]
[2752, 6184]
[2753, 6187]
[3611, 5332]
[2754, 6190]
[3618, 5342]
[3619, 5351]
[3625, 5352]
[2765, 6213]
[2766, 6216]
[3627, 5357]
[2767, 6219]
[3628, 5361]
[2769, 6224]
[3629, 5365]
[2770, 6227]
[3635, 5370]
[3638, 5375]
[2777, 6242]
[3641, 5379]
[3642, 5382]
[2779, 6247]
[2780, 6250]
[2783, 6257]
[3649, 5391]
[3650, 5394]
[3654, 5397]
[2788, 6268]
[3657, 5402]
[3655, 5405]
[3661, 5407]
[2792, 6277]
[3664, 5411]
[2795, 6284]
[3667, 5416]
[3669, 5422]
[2799, 6293]
[2801, 6298]
[3673, 5427]
[3674, 5426]
[2803, 6303]
[3679, 5435]
[2806, 6310]
[3681, 5438]
[2808, 6315]
[3683, 5441]
[3686, 5446]
[2811, 6322]
[3690, 5452]
[3693, 5456]
[3695, 5461]
[2819, 6339]
[2821, 6344]
[3700, 5465]
[3699, 5467]
[2823, 6349]
[3703, 5472]
[2824, 6352]
[3706, 5476]
[2828, 6361]
[3710, 5482]
[2829, 6364]
[3711, 5489]
[2833, 6373]
[3717, 5491]
[2835, 6378]
[3718, 5495]
[3721, 5497]
[3726, 5505]
[3727, 5508]
[3731, 5511]
[2846, 6401]
[2847, 6404]
[2849, 6409]
[3739, 5523]
[3740, 5527]
[2853, 6418]
[3743, 5528]
[3746, 5529]
[3742, 5535]
[3749, 5541]
[3753, 5539]
[3750, 5548]
[2862, 6437]
[3755, 5550]
[2865, 6444]
[3760, 5549]
[3761, 5552]
[3756, 5558]
[3759, 5562]
[2870, 6455]
[2872, 6460]
[3767, 5573]
[3772, 5569]
[3770, 5574]
[3773, 5578]
[3777, 5577]
[3783, 5582]
[3779, 5589]
[2885, 6487]
[3784, 5592]
[3787, 5596]
[3791, 5602]
[3792, 5605]
[2894, 6506]
[3796, 5610]
[3801, 5613]
[2899, 6517]
[3804, 5621]
[2903, 6526]
[3807, 5628]
[3810, 5625]
[2907, 6535]
[3812, 5632]
[3813, 5638]
[3819, 5637]
[3814, 5643]
[3816, 5642]
[3821, 5645]
[2915, 6552]
[3826, 5648]
[3823, 5653]
[2918, 6559]
[3825, 5652]
[3828, 5651]
[2924, 6572]
[3834, 5662]
[3832, 5665]
[2925, 6575]
[2926, 6578]
[3835, 5670]
[3838, 5669]
[2927, 6581]
[3839, 5675]
[2931, 6590]
[3845, 5679]
[2932, 6593]
[2933, 6596]
[3846, 5683]
[3847, 5686]
[3851, 5689]
[3853, 5696]
[3856, 5697]
[3858, 5702]
[2945, 6621]
[3863, 5708]
[2947, 6626]
[3866, 5713]
[2951, 6635]
[3870, 5719]
[3872, 5722]
[3873, 5726]
[3877, 5731]
[3878, 5730]
[2962, 6658]
[3886, 5741]
[2965, 6665]
[3887, 5744]
[3888, 5747]
[3890, 5746]
[2968, 6672]
[2969, 6675]
[3891, 5754]
[2970, 6678]
[3896, 5756]
[3897, 5755]
[3898, 5759]
[2976, 6691]
[3903, 5765]
[2979, 6698]
[3907, 5772]
[2981, 6703]
[3908, 5776]
[2982, 6706]
[3911, 5778]
[2983, 6709]
[3910, 5782]
[3912, 5781]
[3916, 5787]
[3921, 5791]
[2991, 6726]
[3923, 5798]
[3926, 5799]
[3924, 5802]
[2994, 6733]
[3929, 5806]
[2998, 6742]
[3933, 5809]
[3000, 6747]
[3935, 5814]
[3936, 5818]
[3004, 6756]
[3940, 5821]
[3941, 5824]
[3007, 6763]
[3946, 5831]
[3011, 6772]
[3949, 5836]
[3014, 6779]
[3955, 5844]
[3017, 6786]
[3960, 5851]
[3961, 5857]
[3965, 5855]
[3023, 6799]
[3967, 5862]
[3968, 5865]
[3969, 5871]
[3974, 5867]
[3030, 6814]
[3031, 6817]
[3975, 5873]
[3032, 6820]
[3976, 5879]
[3978, 5886]
[3039, 6835]
[3985, 5892]
[3988, 5889]
[3991, 5891]
[3990, 5894]
[3045, 6848]
[3992, 5902]
[3996, 5908]
[4000, 5905]
[3049, 6857]
[4003, 5914]
[4001, 5923]
[4007, 5920]
[3058, 6876]
[4006, 5929]
[4013, 5927]
[3061, 6883]
[4015, 5932]
[3062, 6886]
[3064, 6891]
[4021, 5937]
[4020, 5940]
[4017, 5945]
[3067, 6898]
[4023, 5942]
[3069, 6903]
[4026, 5950]
[3071, 6908]
[4028, 5953]
[3075, 6917]
[4034, 5960]
[3076, 6920]
[3077, 6923]
11579519
